0101000000011010
0101000100000000
0000000001001000
0101001000000111
0101001100000001
0001000001000000
0000001010010011
1010000011111100
0101010010000000
0000001001001100
1001100000000110
0001010000000000
0001000000000000
0001000000000000
0001000000000000
0001000000000000
0001010000000000
1000000000000100
0001010000000000
0000110000000000
0000110000000000
0000110000000000
0000110000000000
0101010000000000
0000000010100000
1100000000000000
0000000000000000
0000000000000000
0000000000000000
0000000000000000
0000000000000000
0000000000000000
0000000000000000
0000000000000000
0000000000000000
0000000000000000
0000000000000000
0000000000000000
0000000000000000
0000000000000000
0000000000000000
0000000000000000
0000000000000000
0000000000000000
0000000000000000
0000000000000000
0000000000000000
0000000000000000
0000000000000000
0000000000000000
0000000000000000
0000000000000000
0000000000000000
0000000000000000
0000000000000000
0000000000000000
0000000000000000
0000000000000000
0000000000000000
0000000000000000
0000000000000000
0000000000000000
0000000000000000
0000000000000000